7777017777777777777777777777777777777777777
7770170777777777777777777777777777777777777
7770271777777777777777777777777777777777777
7777020777777777777777777777777777777777777
7777701777777777777777777777777777777777777
7777700777777777777777777777777777777777777
7777770077777777777777777777777777777777777
7777770277777777777777777777777777777777777
7777770177777777777777777777777777777777777
7777777027777777777777777777777777777777777
7777777002777777777777777777777777777777777
7777777702077777477777777777777777777777777
7777770120100177777777777777777777777777777
7777770023103077777777777777777777777777777
7777701102320777777777777777777777777777777
7777700001207777777777777777777777777777777
7777777770127777777777777777777777777777777
7777777770013774777777777777777777777777777
7777777777311777777777777777777777777777777
7777777777131777777777777777777777777777777
7777777777715474777777777777777777777777777
7777777777701274777777777777777777777777777
7777777777701475477777777777777777777777777
7777777777770115477747777777777777777777777
7777777777770415577747777777777777777777777
7777777777750505677777777777777777777777777
7777777777777450547777777777777777777777777
7777777777777464547747777777777777777777777
7777777777777046657547777777777777777777777
7777777777775506457557777777777777777777777
7777777777777506554656777777777777777777777
7777777577777505654477777777777777777777777
7777774757777554605677777777777777777777777
7777777777775550645577777777777777777777777
7777777777774660546557777777777777777777777
7777777777774666450555777777777777777777777
7777777777774566064645777777777777777777777
7777777777774566054665777777777777777777777
7777777777744566446464777777777777777777777
7777777777774556405454777777777777777777777
7777777777777445004500777777777777777777777
7777777777771140000402310117777777777777777
7777777777712000000003331333220777777777777
7777777777110010000033232121111777777777777
7777777771301000011332323332110777777777777
7777777123010001112312333333201222210777777
7777771230102222221231222332332111007777777
7777702101111222212333333333221300777777777
7700000111122212222213233333332137777727777
7000010100222122222213323333223012333212121
7777001000001112212123312332222220011111107
7770000001221122223333321222212777222232777
7777777777112222333333332217777723332227777
7777000177771112222222277777777777777777277
0007701117777777777773223337772777777777777
7777777011777127722222222777777777777777777
7777777701177777777777777777777777777777777
7777777777717112777777777777777777777777777
