7777017777777777777777777777777777777777777
7770170777777777777777777777777777777777777
7770271777777777777777777777777777777777777
7777020777777777777777777777777777777777777
7777701777777777777777777777777777777777777
7777700777777777777777777777777777777777777
7777770077777777777777777777777777777777777
7777770277777777777777777777777777777777777
7777770177777777777777777777777777777777777
7777777027777777777777777777777777777777777
7777777017777777777777777777777777777777777
7777777002777777777777777777777777777777777
7777777701077777777777777777777777777777777
7777770120000177777777777777777777777777777
7777770022102077777777777777777777777777777
7777701101120774777777777777777777777777777
7777700000107777777777777777777777777777777
7777777770127777777777777777777777777777777
7777777770011777777777777777777777777777777
7777777777101777777777777777777777777777777
7777777777120777777747777777777777777777777
7777777777713077477777777777777777777777777
7777777777701277477777777777777777777777777
7777777777700474477777777777777777777777777
7777777777770115477777777777777777777777777
7777777777770415577777777777777777777777777
7777777777775505677777777777777777777777777
7777777777777450547477777777777777777777777
7777775777777454547577777777777777777777777
7777774777777044657577777777777777777777777
7777777777777506457557777777777777777777777
7777777777777606554657777777777777777777777
7777777777777605654657777777777777777777777
7777777777777654605657777777777777777777777
7777777777777550545677775777777777777777777
7777777777754660446677774777777777777777777
7777777777455666450675747777777777777777777
7777777777455566054656777777777777777777777
7777777777745566044656577777777777777777777
7777777777744566445465477777777777777777777
7777777777774556404454777777777777777777777
7777777777777445004500777777777777777777777
7777777777771140000402310117777777777777777
7777777777712000000003321332210777777777777
7777777777110010000023232121111777777777777
7777777771301000011232322322110777777777777
7777777123010001112312223332201222110777777
7777771220101112211231222332232111007777777
7777701101111111112222333333221300777777777
7700000111111212222112233333222137777727777
7000010100112111221112323332223012332112121
7777001000001112212123312332122220011111107
7770000001221122222323321222212777222232777
7777777777112222223323332217777723332227777
7777000177771112222222277777777777777777277
0007701117777777777773223337772777777777777
7777777011777127722222222777777777777777777
7777777701177777777777777777777777777777777
7777777777717112777777777777777777777777777
