7777017777777777777777777777777777777777777
7770170777777777777777777777777777777777777
7770271777777777777777777777777777777777777
7777020777777777777777777777777777777777777
7777701777777777777777777777777777777777777
7777700777777777777777777777777777777777777
7777770077777777777777777777777777777777777
7777770277777777777777777777777777777777777
7777770177777777777777777777777777777777777
7777777027777777777777777777777777777777777
7777777017777777777777777777777777777777777
7777777002777777777777777777777777777777777
7777777701077777777777777777777777777777777
7777770120000177777777777777777777777777777
7777770022102077777777777777777777777777777
7777701101220777777777777777777777777777777
7777700000107777777777777777777777777777777
7777777770127777777777777777777777777777777
7777777770012777777777777777777777777777777
7777777777201777477777777777777777777777777
7777777777120777477777777777777777777777777
7777777777713077475777777777777777777777777
7777777777701277577777777777777777777777777
7777777777700477577777777777777777777777777
7777777777770117577777777777777777777777777
7777777777770415577777777777777777777777777
7777777777770505577477777777777777777777777
7777777777777450647477747777777777777777777
7777777777777454647547757777777777777777777
7777777777777045657547777777777777777777777
7777777777777606457647777777777777777777777
7777777457777606554657775777777777777777777
7777777777757605654657774777777777777777777
7777777777757654606657744777777777777777777
7777777777755650546677777777777777777777777
7777777777756660546676777777777777777777777
7777777777776665450676777777777777777777777
7777775477775666054656577777777777777777777
7777777777747666054656577777777777777777777
7777777777744566445465477777777777777777777
7777777777774556405454777777777777777777777
7777777777777445004500777777777777777777777
7777777777771140000402310117777777777777777
7777777777712000000003331333210777777777777
7777777777110010000033232121111777777777777
7777777771301000011232322322110777777777777
7777777123010001112312223332201222110777777
7777771220101122211231222332232111007777777
7777702101111111112223333333221300777777777
7700000111111212222213233333222137777727777
7000010100122111221112323332223012332212121
7777001000001112212123312332122220011111107
7770000001221122222323321222212777222232777
7777777777112222233323332217777723332227777
7777000177771112222222277777777777777777277
0007701117777777777773223337772777777777777
7777777011777127722222222777777777777777777
7777777701177777777777777777777777777777777
7777777777717112777777777777777777777777777
