7777017777777777777777777777777777777777777
7770170777777777777777777777777777777777777
7770271777777777777777777777777777777777777
7777020777777777777777777777777777777777777
7777701777777777777777777777777777777777777
7777700777777777777777777777777777777777777
7777770077777777777777777777777777777777777
7777770277777777777777777777777777777777777
7777770177777777777777777777777777777777777
7777777027777777777777777777777777777777777
7777777017777777777777777777777777777777777
7777777002777777777777777777777777777777777
7777777701077777777777777777777777777777777
7777770120000177777777777777777777777777777
7777770022102077777777777777777777777777777
7777701101220777777777777777777777777777777
7777700000207777777777777777777777777777777
7777777770127777477777777777777777777777777
7777777770012777477777777777777777777777777
7777777777201777777777777777777777777777777
7777777777131777777777777777777777777777777
7777777777713077547777777777777777777777777
7777777777701277477777777777777777777777777
7777777777700477577777777777777777777777777
7777777777770117577477777777777777777777777
7777777777770415577777777777777777777777777
7777777777770505677777777777777777777777777
7777777777777450547477777777777777777777777
7777777777777464647477747777777777777777777
7777777777777046657547477777777777777777777
7777777777757606457645775777777777777777777
7777777774777606554657774777777777777777777
7777777777777605654657774777777777777777777
7777777777777654605657777777777777777777777
7777777777755650645676777777777777777777777
7777577777756660546677777777777777777777777
7777747777776666450676777777777777777777777
7777774777745666064656577777777777777777777
7777777777745666054656577777777777777777777
7777777777744566446465477777777777777777777
7777777777774556405454777777777777777777777
7777777777777445004500777777777777777777777
7777777777771140000402310117777777777777777
7777777777712000000003331333220777777777777
7777777777110010000033233121111777777777777
7777777771301000011233322322110777777777777
7777777123010001112312233333201222110777777
7777771230101222211231223332232111007777777
7777702101111112212233333333221300777777777
7700000111112212222213233333322137777727777
7000010100222112222113323332223012333212121
7777001000001112212123312332122220011111107
7770000001221122223333321222212777222232777
7777777777112222333323332217777723332227777
7777000177771112222222277777777777777777277
0007701117777777777773223337772777777777777
7777777011777127722222222777777777777777777
7777777701177777777777777777777777777777777
7777777777717112777777777777777777777777777
