7777017777777777777777777777777777777777777
7770170777777777777777777777777777777777777
7770271777777777777777777777777777777777777
7777020777777777777777777777777777777777777
7777701777777777777777777777777777777777777
7777700777777777777777777777777777777777777
7777770077777777777777777777777777777777777
7777770277777777777777777777777777777777777
7777770177777777777777777777777777777777777
7777777027777777777777777777777777777777777
7777777002777777777777777777777777777777777
7777777702077777777777777777777777777777777
7777770120100177777777777777777777777777777
7777770023103077777777777777777777777777777
7777701102320777477777777777777777777777777
7777700001207777477777777777777777777777777
7777777770127777777777777777777777777777777
7777777770012777777777777777777777777777777
7777777777201777777777777777777777777777777
7777777777131777777777777777777777777777777
7777777777713054477777777777777777777777777
7777777777701274777477777777777777777777777
7777777777700475477777777777777777777777777
7777777777770115577777777777777777777777777
7777777777770415677777777777777777777777777
7777777777770505577777777777777777777777777
7777777777777450547747777777777777777777777
7777777777757464547447777777777777777777777
7777777777777046657547475777777777777777777
7777777777777606457554774777777777777777777
7777777777477606554657777777777777777777777
7777777777777605654657777777777777777777777
7777777777775654605656777777777777777777777
7777577777775650646677777777777777777777777
7777477777755660546677777777777777777777777
7777777777776665450675777777777777777777777
7777777777774665064655777777777777777777777
7777777777744666054656777777777777777777777
7777777777744566446465477777777777777777777
7777777777774556405454777777777777777777777
7777777777777445004500777777777777777777777
7777777777771140000402310117777777777777777
7777777777712000000003331333220777777777777
7777777777110010000033233121211777777777777
7777777771301000011333322332110777777777777
7777777123010001112312233333201222210777777
7777771230102222221231223332332111007777777
7777702101111122212333333333221300777777777
7700000111122212222213333333322137777727777
7000010100222122222213323333223012333212121
7777001000001112212123312332222220011111107
7770000001221122233333321222212777222232777
7777777777112222333333332217777723332227777
7777000177771112222222277777777777777777277
0007701117777777777773223337772777777777777
7777777011777127722222222777777777777777777
7777777701177777777777777777777777777777777
7777777777717112777777777777777777777777777
