7777017777777777777777777777777777777777777
7770170777777777777777777777777777777777777
7770271777777777777777777777777777777777777
7777020777777777777777777777777777777777777
7777701777777777777777777777777777777777777
7777700777777777777777777777777777777777777
7777770077777777777777777777777777777777777
7777770277777777777777777777777777777777777
7777770177777777777777777777777777777777777
7777777027777777777777777777777777777777777
7777777017777777777777777777777777777777777
7777777002777777777777777777777777777777777
7777777701077777777777777777777777777777777
7777770120000177777777777777777777777777777
7777770022102077777777777777777777777777777
7777701101220777777777777777777777777777777
7777700000107774777777777777777777777777777
7777777770127777777777777777777777777777777
7777777770012777777777777777777777777777777
7777777777201777777777777777777777777777777
7777777777120777777777777777777777777777777
7777777777413077777747777777777777777777777
7777777777701277477777777777777777777777777
7777777777700474477777777777777777777777777
7777777777770115477777777777777777777777777
7777777777770415577777777777777777777777777
7777777777770505577777777777777777777777777
7777777777775450647777777777777777777777777
7777777777777454647477777777777777777777777
7777775777777044657577777777777777777777777
7777774777777506457577777777777777777777777
7777777477777506554657777777777777777777777
7777777777777605654657777777777777777777777
7777777777777654606657777777777777777777777
7777777777777550546677777777777777777777777
7777777777774660446677775777777777777777777
7777777777775665450557447777777777777777777
7777777777455566054655777777777777777777777
7777777777745566044665577777777777777777777
7777777777744566445464777777777777777777777
7777777777774556404454777777777777777777777
7777777777777445004500777777777777777777777
7777777777771140000402310117777777777777777
7777777777712000000003321332210777777777777
7777777777110010000023232121111777777777777
7777777771301000011232323322110777777777777
7777777123010001112312233332201222110777777
7777771220101122211231222332232111007777777
7777701101111112112223333333221300777777777
7700000111111212222212233333322137777727777
7000010100122121221112323332223012332212121
7777001000001112212123312332122220011111107
7770000001221122222323321222212777222232777
7777777777112222233323332217777723332227777
7777000177771112222222277777777777777777277
0007701117777777777773223337772777777777777
7777777011777127722222222777777777777777777
7777777701177777777777777777777777777777777
7777777777717112777777777777777777777777777
