7777017777777777777777777777777777777777777
7770170777777777777777777777777777777777777
7770271777777777777777777777777777777777777
7777020777777777777777777777777777777777777
7777701777777777777777777777777777777777777
7777700777777777777777777777777777777777777
7777770077777777777777777777777777777777777
7777770277777777777777777777777777777777777
7777770177777777777777777777777777777777777
7777777027777777777777777777777777777777777
7777777017777777777777777777777777777777777
7777777002777777477777777777777777777777777
7777777701077777777777777777777777777777777
7777770120000177777777777777777777777777777
7777770022102077777777777777777777777777777
7777701101220777777777777777777777777777777
7777700000207777777777777777777777777777777
7777777770127774777777777777777777777777777
7777777770012777777777777777777777777777777
7777777777201777777777777777777777777777777
7777777777131777777777777777777777777777777
7777777777743077777777777777777777777777777
7777777777701274477747777777777777777777777
7777777777700475477747777777777777777777777
7777777777770115477777777777777777777777777
7777777777770415677777777777777777777777777
7777777777770505577777777777777777777777777
7777777777777450547777777777777777777777777
7777777777775454647777777777777777777777777
7777777777777045657447777777777777777777777
7777777777777506457547777777777777777777777
7777777577777606554657777777777777777777777
7777777477777505654677777777777777777777777
7777777777777554604677777777777777777777777
7777777777774550546677777777777777777777777
7777777777774660446557777777777777777777777
7777777777775665450654577777777777777777777
7777777777775565054665777777777777777777777
7777777777745566054664777777777777777777777
7777777777744566445464777777777777777777777
7777777777774556405454777777777777777777777
7777777777777445004500777777777777777777777
7777777777771140000402310117777777777777777
7777777777712000000003321333220777777777777
7777777777110010000033232121111777777777777
7777777771301000011232323332110777777777777
7777777123010001112312233333201222210777777
7777771220101222221231222332232111007777777
7777702101111122112233333333221300777777777
7700000111112212222213233333322137777727777
7000010100122122222112323333223012333212121
7777001000001112212123312332222220011111107
7770000001221122223333321222212777222232777
7777777777112222233323332217777723332227777
7777000177771112222222277777777777777777277
0007701117777777777773223337772777777777777
7777777011777127722222222777777777777777777
7777777701177777777777777777777777777777777
7777777777717112777777777777777777777777777
