7777017777777777777777777777777777777777777
7770170777777777777777777777777777777777777
7770271777777777777777777777777777777777777
7777020777777777777777777777777777777777777
7777701777777777777777777777777777777777777
7777700777777777777777777777777777777777777
7777770077777777777777777777777777777777777
7777770277777777777777777777777777777777777
7777770177777777777777777777777777777777777
7777777027777777777777777777777777777777777
7777777002777777777777777777777777777777777
7777777702077777777777777777777777777777777
7777770120100177477777777777777777777777777
7777770023103077777777777777777777777777777
7777701102320777777777777777777777777777777
7777700001207777777777777777777777777777777
7777777770127777777777777777777777777777777
7777777770013777777777777777777777777777777
7777777777311777777777777777777777777777777
7777777777131774777777777777777777777777777
7777777777713544777777777777777777777777777
7777777777701275477777777777777777777777777
7777777777701475477777777777777777777777777
7777777777770115577777777777777777777777777
7777777777770415577777777777777777777777777
7777777777770505577747777777777777777777777
7777777777757450647747777777777777777777777
7777777777777464647547774777777777777777777
7777777777777046657547777777777777777777777
7777777777777606457554777777777777777777777
7777777777777606554647777777777777777777777
7777777777775605654676777777777777777777777
7777757777775554606677777777777777777777777
7777477774775550646677777777777777777777777
7777777777775660546677777777777777777777777
7777777777775665450557777777777777777777777
7777777777774566064655777777777777777777777
7777777777774566054665777777777777777777777
7777777777744566446464777777777777777777777
7777777777774556405454777777777777777777777
7777777777777445004500777777777777777777777
7777777777771140000402310117777777777777777
7777777777712000000003331333220777777777777
7777777777110010000033233121211777777777777
7777777771301000011333323332110777777777777
7777777123010001112312333333201222210777777
7777771230102222221231223332332111007777777
7777702101121222212333333333221300777777777
7700000111122212222223333333332137777727777
7000010100222122222213323333223012333212121
7777001000001222212123312332222220011111107
7770000001221122233333321222212777222232777
7777777777112222333333332217777723332227777
7777000177771112222222277777777777777777277
0007701117777777777773223337772777777777777
7777777011777127722222222777777777777777777
7777777701177777777777777777777777777777777
7777777777717112777777777777777777777777777
